function [ bps, payload ] = create_multimedia_parameters( )

bps = [2 * 1000000, 4 * 1000000, 8 * 1000000, 16 * 1000000, 32 * 1000000]; % 4MBits/second
payload = [1500*8];

end

